896 238 622 855 24 
645 920 602 188 658 
248 743 435 782 741 
273 975 121 79 601 
261 690 398 42 543 


29 357 0 927 84 
490 85 730 195 316 
579 467 242 275 598 
664 546 686 11 434 
408 150 78 154 299 


246 369 351 654 609 
537 91 78 438 246 
419 202 36 289 145 
413 782 500 544 228 
435 982 714 583 772 


441 200 372 821 887 
348 776 448 590 427 
247 187 628 714 113 
245 977 454 38 971 
205 476 554 325 716 


342 271 931 509 176 
420 464 530 115 16 
730 100 229 90 266 
387 631 950 524 949 
292 271 206 972 909 


